1A1,6500,10000
1A2,13800,10000
1A3,21100,10000
1A4,28400,10000
1A5,35700,10000
1A6,43000,10000
1A7,50300,10000
1A8,57600,10000
1A9,64900,10000
1A10,72200,10000
1A11,79500,10000
1A12,86800,10000
1B12,86800,17300
1B11,79500,17300
1B10,72200,17300
1B9,64900,17300
1B8,57600,17300
1B7,50300,17300
1B6,43000,17300
1B5,35700,17300
1B4,28400,17300
1B3,21100,17300
1B2,13800,17300
1B1,6500,17300
1C1,6500,24600
1C2,13800,24600
1C3,21100,24600
1C4,28400,24600
1C5,35700,24600
1C6,43000,24600
1C7,50300,24600
1C8,57600,24600
1C9,64900,24600
1C10,72200,24600
1C11,79500,24600
1C12,86800,24600
1D12,86800,31900
1D11,79500,31900
1D10,72200,31900
1D9,64900,31900
1D8,57600,31900
1D7,50300,31900
1D6,43000,31900
1D5,35700,31900
1D4,28400,31900
1D3,21100,31900
1D2,13800,31900
1D1,6500,31900
1E1,6500,39200
1E2,13800,39200
1E3,21100,39200
1E4,28400,39200
1E5,35700,39200
1E6,43000,39200
1E7,50300,39200
1E8,57600,39200
1E9,64900,39200
1E10,72200,39200
1E11,79500,39200
1E12,86800,39200
1F12,86800,46500
1F11,79500,46500
1F10,72200,46500
1F9,64900,46500
1F8,57600,46500
1F7,50300,46500
1F6,43000,46500
1F5,35700,46500
1F4,28400,46500
1F3,21100,46500
1F2,13800,46500
1F1,6500,46500
1G1,6500,53800
1G2,13800,53800
1G3,21100,53800
1G4,28400,53800
1G5,35700,53800
1G6,43000,53800
1G7,50300,53800
1G8,57600,53800
1G9,64900,53800
1G10,72200,53800
1G11,79500,53800
1G12,86800,53800
1H12,86800,61100
1H11,79500,61100
1H10,72200,61100
1H9,64900,61100
1H8,57600,61100
1H7,50300,61100
1H6,43000,61100
1H5,35700,61100
1H4,28400,61100
1H3,21100,61100
1H2,13800,61100
1H1,6500,61100
2A1,90000,10000
2A2,97300,10000
2A3,104600,10000
2A4,111900,10000
2A5,119200,10000
2A6,126500,10000
2A7,133800,10000
2A8,141100,10000
2A9,148400,10000
2A10,155700,10000
2A11,163000,10000
2A12,170300,10000
2B12,170300,17300
2B11,163000,17300
2B10,155700,17300
2B9,148400,17300
2B8,141100,17300
2B7,133800,17300
2B6,126500,17300
2B5,119200,17300
2B4,111900,17300
2B3,104600,17300
2B2,97300,17300
2B1,90000,17300
2C1,90000,24600
2C2,97300,24600
2C3,104600,24600
2C4,111900,24600
2C5,119200,24600
2C6,126500,24600
2C7,133800,24600
2C8,141100,24600
2C9,148400,24600
2C10,155700,24600
2C11,163000,24600
2C12,170300,24600
2D12,170300,31900
2D11,163000,31900
2D10,155700,31900
2D9,148400,31900
2D8,141100,31900
2D7,133800,31900
2D6,126500,31900
2D5,119200,31900
2D4,111900,31900
2D3,104600,31900
2D2,97300,31900
2D1,90000,31900
2E1,90000,39200
2E2,97300,39200
2E3,104600,39200
2E4,111900,39200
2E5,119200,39200
2E6,126500,39200
2E7,133800,39200
2E8,141100,39200
2E9,148400,39200
2E10,155700,39200
2E11,163000,39200
2E12,170300,39200
2F12,170300,46500
2F11,163000,46500
2F10,155700,46500
2F9,148400,46500
2F8,141100,46500
2F7,133800,46500
2F6,126500,46500
2F5,119200,46500
2F4,111900,46500
2F3,104600,46500
2F2,97300,46500
2F1,90000,46500
2G1,90000,53800
2G2,97300,53800
2G3,104600,53800
2G4,111900,53800
2G5,119200,53800
2G6,126500,53800
2G7,133800,53800
2G8,141100,53800
2G9,148400,53800
2G10,155700,53800
2G11,163000,53800
2G12,170300,53800
2H12,170300,61100
2H11,163000,61100
2H10,155700,61100
2H9,148400,61100
2H8,141100,61100
2H7,133800,61100
2H6,126500,61100
2H5,119200,61100
2H4,111900,61100
2H3,104600,61100
2H2,97300,61100
2H1,90000,61100
3A1,173500,10000
3A2,180800,10000
3A3,188100,10000
3A4,195400,10000
3A5,202700,10000
3A6,210000,10000
3A7,217300,10000
3A8,224600,10000
3A9,231900,10000
3A10,239200,10000
3A11,246500,10000
3A12,253800,10000
3B12,253800,17300
3B11,246500,17300
3B10,239200,17300
3B9,231900,17300
3B8,224600,17300
3B7,217300,17300
3B6,210000,17300
3B5,202700,17300
3B4,195400,17300
3B3,188100,17300
3B2,180800,17300
3B1,173500,17300
3C1,173500,24600
3C2,180800,24600
3C3,188100,24600
3C4,195400,24600
3C5,202700,24600
3C6,210000,24600
3C7,217300,24600
3C8,224600,24600
3C9,231900,24600
3C10,239200,24600
3C11,246500,24600
3C12,253800,24600
3D12,253800,31900
3D11,246500,31900
3D10,239200,31900
3D9,231900,31900
3D8,224600,31900
3D7,217300,31900
3D6,210000,31900
3D5,202700,31900
3D4,195400,31900
3D3,188100,31900
3D2,180800,31900
3D1,173500,31900
3E1,173500,39200
3E2,180800,39200
3E3,188100,39200
3E4,195400,39200
3E5,202700,39200
3E6,210000,39200
3E7,217300,39200
3E8,224600,39200
3E9,231900,39200
3E10,239200,39200
3E11,246500,39200
3E12,253800,39200
3F12,253800,46500
3F11,246500,46500
3F10,239200,46500
3F9,231900,46500
3F8,224600,46500
3F7,217300,46500
3F6,210000,46500
3F5,202700,46500
3F4,195400,46500
3F3,188100,46500
3F2,180800,46500
3F1,173500,46500
3G1,173500,53800
3G2,180800,53800
3G3,188100,53800
3G4,195400,53800
3G5,202700,53800
3G6,210000,53800
3G7,217300,53800
3G8,224600,53800
3G9,231900,53800
3G10,239200,53800
3G11,246500,53800
3G12,253800,53800
3H12,253800,61100
3H11,246500,61100
3H10,239200,61100
3H9,231900,61100
3H8,224600,61100
3H7,217300,61100
3H6,210000,61100
3H5,202700,61100
3H4,195400,61100
3H3,188100,61100
3H2,180800,61100
3H1,173500,61100
4A1,257000,10000
4A2,264300,10000
4A3,271600,10000
4A4,278900,10000
4A5,286200,10000
4A6,293500,10000
4A7,300800,10000
4A8,308100,10000
4A9,315400,10000
4A10,322700,10000
4A11,330000,10000
4A12,337300,10000
4B12,337300,17300
4B11,330000,17300
4B10,322700,17300
4B9,315400,17300
4B8,308100,17300
4B7,300800,17300
4B6,293500,17300
4B5,286200,17300
4B4,278900,17300
4B3,271600,17300
4B2,264300,17300
4B1,257000,17300
4C1,257000,24600
4C2,264300,24600
4C3,271600,24600
4C4,278900,24600
4C5,286200,24600
4C6,293500,24600
4C7,300800,24600
4C8,308100,24600
4C9,315400,24600
4C10,322700,24600
4C11,330000,24600
4C12,337300,24600
4D12,337300,31900
4D11,330000,31900
4D10,322700,31900
4D9,315400,31900
4D8,308100,31900
4D7,300800,31900
4D6,293500,31900
4D5,286200,31900
4D4,278900,31900
4D3,271600,31900
4D2,264300,31900
4D1,257000,31900
4E1,257000,39200
4E2,264300,39200
4E3,271600,39200
4E4,278900,39200
4E5,286200,39200
4E6,293500,39200
4E7,300800,39200
4E8,308100,39200
4E9,315400,39200
4E10,322700,39200
4E11,330000,39200
4E12,337300,39200
4F12,337300,46500
4F11,330000,46500
4F10,322700,46500
4F9,315400,46500
4F8,308100,46500
4F7,300800,46500
4F6,293500,46500
4F5,286200,46500
4F4,278900,46500
4F3,271600,46500
4F2,264300,46500
4F1,257000,46500
4G1,257000,53800
4G2,264300,53800
4G3,271600,53800
4G4,278900,53800
4G5,286200,53800
4G6,293500,53800
4G7,300800,53800
4G8,308100,53800
4G9,315400,53800
4G10,322700,53800
4G11,330000,53800
4G12,337300,53800
4H12,337300,61100
4H11,330000,61100
4H10,322700,61100
4H9,315400,61100
4H8,308100,61100
4H7,300800,61100
4H6,293500,61100
4H5,286200,61100
4H4,278900,61100
4H3,271600,61100
4H2,264300,61100
4H1,257000,61100
5A1,340500,10000
5A2,347800,10000
5A3,355100,10000
5A4,362400,10000
5A5,369700,10000
5A6,377000,10000
5A7,384300,10000
5A8,391600,10000
5A9,398900,10000
5A10,406200,10000
5A11,413500,10000
5A12,420800,10000
5B12,420800,17300
5B11,413500,17300
5B10,406200,17300
5B9,398900,17300
5B8,391600,17300
5B7,384300,17300
5B6,377000,17300
5B5,369700,17300
5B4,362400,17300
5B3,355100,17300
5B2,347800,17300
5B1,340500,17300
5C1,340500,24600
5C2,347800,24600
5C3,355100,24600
5C4,362400,24600
5C5,369700,24600
5C6,377000,24600
5C7,384300,24600
5C8,391600,24600
5C9,398900,24600
5C10,406200,24600
5C11,413500,24600
5C12,420800,24600
5D12,420800,31900
5D11,413500,31900
5D10,406200,31900
5D9,398900,31900
5D8,391600,31900
5D7,384300,31900
5D6,377000,31900
5D5,369700,31900
5D4,362400,31900
5D3,355100,31900
5D2,347800,31900
5D1,340500,31900
5E1,340500,39200
5E2,347800,39200
5E3,355100,39200
5E4,362400,39200
5E5,369700,39200
5E6,377000,39200
5E7,384300,39200
5E8,391600,39200
5E9,398900,39200
5E10,406200,39200
5E11,413500,39200
5E12,420800,39200
5F12,420800,46500
5F11,413500,46500
5F10,406200,46500
5F9,398900,46500
5F8,391600,46500
5F7,384300,46500
5F6,377000,46500
5F5,369700,46500
5F4,362400,46500
5F3,355100,46500
5F2,347800,46500
5F1,340500,46500
5G1,340500,53800
5G2,347800,53800
5G3,355100,53800
5G4,362400,53800
5G5,369700,53800
5G6,377000,53800
5G7,384300,53800
5G8,391600,53800
5G9,398900,53800
5G10,406200,53800
5G11,413500,53800
5G12,420800,53800
5H12,420800,61100
5H11,413500,61100
5H10,406200,61100
5H9,398900,61100
5H8,391600,61100
5H7,384300,61100
5H6,377000,61100
5H5,369700,61100
5H4,362400,61100
5H3,355100,61100
5H2,347800,61100
5H1,340500,61100
6A1,424000,10000
6A2,431300,10000
6A3,438600,10000
6A4,445900,10000
6A5,453200,10000
6A6,460500,10000
6A7,467800,10000
6A8,475100,10000
6A9,482400,10000
6A10,489700,10000
6A11,497000,10000
6A12,504300,10000
6B12,504300,17300
6B11,497000,17300
6B10,489700,17300
6B9,482400,17300
6B8,475100,17300
6B7,467800,17300
6B6,460500,17300
6B5,453200,17300
6B4,445900,17300
6B3,438600,17300
6B2,431300,17300
6B1,424000,17300
6C1,424000,24600
6C2,431300,24600
6C3,438600,24600
6C4,445900,24600
6C5,453200,24600
6C6,460500,24600
6C7,467800,24600
6C8,475100,24600
6C9,482400,24600
6C10,489700,24600
6C11,497000,24600
6C12,504300,24600
6D12,504300,31900
6D11,497000,31900
6D10,489700,31900
6D9,482400,31900
6D8,475100,31900
6D7,467800,31900
6D6,460500,31900
6D5,453200,31900
6D4,445900,31900
6D3,438600,31900
6D2,431300,31900
6D1,424000,31900
6E1,424000,39200
6E2,431300,39200
6E3,438600,39200
6E4,445900,39200
6E5,453200,39200
6E6,460500,39200
6E7,467800,39200
6E8,475100,39200
6E9,482400,39200
6E10,489700,39200
6E11,497000,39200
6E12,504300,39200
6F12,504300,46500
6F11,497000,46500
6F10,489700,46500
6F9,482400,46500
6F8,475100,46500
6F7,467800,46500
6F6,460500,46500
6F5,453200,46500
6F4,445900,46500
6F3,438600,46500
6F2,431300,46500
6F1,424000,46500
6G1,424000,53800
6G2,431300,53800
6G3,438600,53800
6G4,445900,53800
6G5,453200,53800
6G6,460500,53800
6G7,467800,53800
6G8,475100,53800
6G9,482400,53800
6G10,489700,53800
6G11,497000,53800
6G12,504300,53800
6H12,504300,61100
6H11,497000,61100
6H10,489700,61100
6H9,482400,61100
6H8,475100,61100
6H7,467800,61100
6H6,460500,61100
6H5,453200,61100
6H4,445900,61100
6H3,438600,61100
6H2,431300,61100
6H1,424000,61100
7A1,507500,10000
7A2,514800,10000
7A3,522100,10000
7A4,529400,10000
7A5,536700,10000
7A6,544000,10000
7A7,551300,10000
7A8,558600,10000
7A9,565900,10000
7A10,573200,10000
7A11,580500,10000
7A12,587800,10000
7B12,587800,17300
7B11,580500,17300
7B10,573200,17300
7B9,565900,17300
7B8,558600,17300
7B7,551300,17300
7B6,544000,17300
7B5,536700,17300
7B4,529400,17300
7B3,522100,17300
7B2,514800,17300
7B1,507500,17300
7C1,507500,24600
7C2,514800,24600
7C3,522100,24600
7C4,529400,24600
7C5,536700,24600
7C6,544000,24600
7C7,551300,24600
7C8,558600,24600
7C9,565900,24600
7C10,573200,24600
7C11,580500,24600
7C12,587800,24600
7D12,587800,31900
7D11,580500,31900
7D10,573200,31900
7D9,565900,31900
7D8,558600,31900
7D7,551300,31900
7D6,544000,31900
7D5,536700,31900
7D4,529400,31900
7D3,522100,31900
7D2,514800,31900
7D1,507500,31900
7E1,507500,39200
7E2,514800,39200
7E3,522100,39200
7E4,529400,39200
7E5,536700,39200
7E6,544000,39200
7E7,551300,39200
7E8,558600,39200
7E9,565900,39200
7E10,573200,39200
7E11,580500,39200
7E12,587800,39200
7F12,587800,46500
7F11,580500,46500
7F10,573200,46500
7F9,565900,46500
7F8,558600,46500
7F7,551300,46500
7F6,544000,46500
7F5,536700,46500
7F4,529400,46500
7F3,522100,46500
7F2,514800,46500
7F1,507500,46500
7G1,507500,53800
7G2,514800,53800
7G3,522100,53800
7G4,529400,53800
7G5,536700,53800
7G6,544000,53800
7G7,551300,53800
7G8,558600,53800
7G9,565900,53800
7G10,573200,53800
7G11,580500,53800
7G12,587800,53800
7H12,587800,61100
7H11,580500,61100
7H10,573200,61100
7H9,565900,61100
7H8,558600,61100
7H7,551300,61100
7H6,544000,61100
7H5,536700,61100
7H4,529400,61100
7H3,522100,61100
7H2,514800,61100
7H1,507500,61100
8A1,591000,10000
8A2,598300,10000
8A3,605600,10000
8A4,612900,10000
8A5,620200,10000
8A6,627500,10000
8A7,634800,10000
8A8,642100,10000
8A9,649400,10000
8A10,656700,10000
8A11,664000,10000
8A12,671300,10000
8B12,671300,17300
8B11,664000,17300
8B10,656700,17300
8B9,649400,17300
8B8,642100,17300
8B7,634800,17300
8B6,627500,17300
8B5,620200,17300
8B4,612900,17300
8B3,605600,17300
8B2,598300,17300
8B1,591000,17300
8C1,591000,24600
8C2,598300,24600
8C3,605600,24600
8C4,612900,24600
8C5,620200,24600
8C6,627500,24600
8C7,634800,24600
8C8,642100,24600
8C9,649400,24600
8C10,656700,24600
8C11,664000,24600
8C12,671300,24600
8D12,671300,31900
8D11,664000,31900
8D10,656700,31900
8D9,649400,31900
8D8,642100,31900
8D7,634800,31900
8D6,627500,31900
8D5,620200,31900
8D4,612900,31900
8D3,605600,31900
8D2,598300,31900
8D1,591000,31900
8E1,591000,39200
8E2,598300,39200
8E3,605600,39200
8E4,612900,39200
8E5,620200,39200
8E6,627500,39200
8E7,634800,39200
8E8,642100,39200
8E9,649400,39200
8E10,656700,39200
8E11,664000,39200
8E12,671300,39200
8F12,671300,46500
8F11,664000,46500
8F10,656700,46500
8F9,649400,46500
8F8,642100,46500
8F7,634800,46500
8F6,627500,46500
8F5,620200,46500
8F4,612900,46500
8F3,605600,46500
8F2,598300,46500
8F1,591000,46500
8G1,591000,53800
8G2,598300,53800
8G3,605600,53800
8G4,612900,53800
8G5,620200,53800
8G6,627500,53800
8G7,634800,53800
8G8,642100,53800
8G9,649400,53800
8G10,656700,53800
8G11,664000,53800
8G12,671300,53800
8H12,671300,61100
8H11,664000,61100
8H10,656700,61100
8H9,649400,61100
8H8,642100,61100
8H7,634800,61100
8H6,627500,61100
8H5,620200,61100
8H4,612900,61100
8H3,605600,61100
8H2,598300,61100
8H1,591000,61100
9A1,6500,66000
9A2,13800,66000
9A3,21100,66000
9A4,28400,66000
9A5,35700,66000
9A6,43000,66000
9A7,50300,66000
9A8,57600,66000
9A9,64900,66000
9A10,72200,66000
9A11,79500,66000
9A12,86800,66000
9B12,86800,73300
9B11,79500,73300
9B10,72200,73300
9B9,64900,73300
9B8,57600,73300
9B7,50300,73300
9B6,43000,73300
9B5,35700,73300
9B4,28400,73300
9B3,21100,73300
9B2,13800,73300
9B1,6500,73300
9C1,6500,80600
9C2,13800,80600
9C3,21100,80600
9C4,28400,80600
9C5,35700,80600
9C6,43000,80600
9C7,50300,80600
9C8,57600,80600
9C9,64900,80600
9C10,72200,80600
9C11,79500,80600
9C12,86800,80600
9D12,86800,87900
9D11,79500,87900
9D10,72200,87900
9D9,64900,87900
9D8,57600,87900
9D7,50300,87900
9D6,43000,87900
9D5,35700,87900
9D4,28400,87900
9D3,21100,87900
9D2,13800,87900
9D1,6500,87900
9E1,6500,95200
9E2,13800,95200
9E3,21100,95200
9E4,28400,95200
9E5,35700,95200
9E6,43000,95200
9E7,50300,95200
9E8,57600,95200
9E9,64900,95200
9E10,72200,95200
9E11,79500,95200
9E12,86800,95200
9F12,86800,102500
9F11,79500,102500
9F10,72200,102500
9F9,64900,102500
9F8,57600,102500
9F7,50300,102500
9F6,43000,102500
9F5,35700,102500
9F4,28400,102500
9F3,21100,102500
9F2,13800,102500
9F1,6500,102500
9G1,6500,109800
9G2,13800,109800
9G3,21100,109800
9G4,28400,109800
9G5,35700,109800
9G6,43000,109800
9G7,50300,109800
9G8,57600,109800
9G9,64900,109800
9G10,72200,109800
9G11,79500,109800
9G12,86800,109800
9H12,86800,117100
9H11,79500,117100
9H10,72200,117100
9H9,64900,117100
9H8,57600,117100
9H7,50300,117100
9H6,43000,117100
9H5,35700,117100
9H4,28400,117100
9H3,21100,117100
9H2,13800,117100
9H1,6500,117100
10A1,90000,66000
10A2,97300,66000
10A3,104600,66000
10A4,111900,66000
10A5,119200,66000
10A6,126500,66000
10A7,133800,66000
10A8,141100,66000
10A9,148400,66000
10A10,155700,66000
10A11,163000,66000
10A12,170300,66000
10B12,170300,73300
10B11,163000,73300
10B10,155700,73300
10B9,148400,73300
10B8,141100,73300
10B7,133800,73300
10B6,126500,73300
10B5,119200,73300
10B4,111900,73300
10B3,104600,73300
10B2,97300,73300
10B1,90000,73300
10C1,90000,80600
10C2,97300,80600
10C3,104600,80600
10C4,111900,80600
10C5,119200,80600
10C6,126500,80600
10C7,133800,80600
10C8,141100,80600
10C9,148400,80600
10C10,155700,80600
10C11,163000,80600
10C12,170300,80600
10D12,170300,87900
10D11,163000,87900
10D10,155700,87900
10D9,148400,87900
10D8,141100,87900
10D7,133800,87900
10D6,126500,87900
10D5,119200,87900
10D4,111900,87900
10D3,104600,87900
10D2,97300,87900
10D1,90000,87900
10E1,90000,95200
10E2,97300,95200
10E3,104600,95200
10E4,111900,95200
10E5,119200,95200
10E6,126500,95200
10E7,133800,95200
10E8,141100,95200
10E9,148400,95200
10E10,155700,95200
10E11,163000,95200
10E12,170300,95200
10F12,170300,102500
10F11,163000,102500
10F10,155700,102500
10F9,148400,102500
10F8,141100,102500
10F7,133800,102500
10F6,126500,102500
10F5,119200,102500
10F4,111900,102500
10F3,104600,102500
10F2,97300,102500
10F1,90000,102500
10G1,90000,109800
10G2,97300,109800
10G3,104600,109800
10G4,111900,109800
10G5,119200,109800
10G6,126500,109800
10G7,133800,109800
10G8,141100,109800
10G9,148400,109800
10G10,155700,109800
10G11,163000,109800
10G12,170300,109800
10H12,170300,117100
10H11,163000,117100
10H10,155700,117100
10H9,148400,117100
10H8,141100,117100
10H7,133800,117100
10H6,126500,117100
10H5,119200,117100
10H4,111900,117100
10H3,104600,117100
10H2,97300,117100
10H1,90000,117100
11A1,173500,66000
11A2,180800,66000
11A3,188100,66000
11A4,195400,66000
11A5,202700,66000
11A6,210000,66000
11A7,217300,66000
11A8,224600,66000
11A9,231900,66000
11A10,239200,66000
11A11,246500,66000
11A12,253800,66000
11B12,253800,73300
11B11,246500,73300
11B10,239200,73300
11B9,231900,73300
11B8,224600,73300
11B7,217300,73300
11B6,210000,73300
11B5,202700,73300
11B4,195400,73300
11B3,188100,73300
11B2,180800,73300
11B1,173500,73300
11C1,173500,80600
11C2,180800,80600
11C3,188100,80600
11C4,195400,80600
11C5,202700,80600
11C6,210000,80600
11C7,217300,80600
11C8,224600,80600
11C9,231900,80600
11C10,239200,80600
11C11,246500,80600
11C12,253800,80600
11D12,253800,87900
11D11,246500,87900
11D10,239200,87900
11D9,231900,87900
11D8,224600,87900
11D7,217300,87900
11D6,210000,87900
11D5,202700,87900
11D4,195400,87900
11D3,188100,87900
11D2,180800,87900
11D1,173500,87900
11E1,173500,95200
11E2,180800,95200
11E3,188100,95200
11E4,195400,95200
11E5,202700,95200
11E6,210000,95200
11E7,217300,95200
11E8,224600,95200
11E9,231900,95200
11E10,239200,95200
11E11,246500,95200
11E12,253800,95200
11F12,253800,102500
11F11,246500,102500
11F10,239200,102500
11F9,231900,102500
11F8,224600,102500
11F7,217300,102500
11F6,210000,102500
11F5,202700,102500
11F4,195400,102500
11F3,188100,102500
11F2,180800,102500
11F1,173500,102500
11G1,173500,109800
11G2,180800,109800
11G3,188100,109800
11G4,195400,109800
11G5,202700,109800
11G6,210000,109800
11G7,217300,109800
11G8,224600,109800
11G9,231900,109800
11G10,239200,109800
11G11,246500,109800
11G12,253800,109800
11H12,253800,117100
11H11,246500,117100
11H10,239200,117100
11H9,231900,117100
11H8,224600,117100
11H7,217300,117100
11H6,210000,117100
11H5,202700,117100
11H4,195400,117100
11H3,188100,117100
11H2,180800,117100
11H1,173500,117100
12A1,257000,66000
12A2,264300,66000
12A3,271600,66000
12A4,278900,66000
12A5,286200,66000
12A6,293500,66000
12A7,300800,66000
12A8,308100,66000
12A9,315400,66000
12A10,322700,66000
12A11,330000,66000
12A12,337300,66000
12B12,337300,73300
12B11,330000,73300
12B10,322700,73300
12B9,315400,73300
12B8,308100,73300
12B7,300800,73300
12B6,293500,73300
12B5,286200,73300
12B4,278900,73300
12B3,271600,73300
12B2,264300,73300
12B1,257000,73300
12C1,257000,80600
12C2,264300,80600
12C3,271600,80600
12C4,278900,80600
12C5,286200,80600
12C6,293500,80600
12C7,300800,80600
12C8,308100,80600
12C9,315400,80600
12C10,322700,80600
12C11,330000,80600
12C12,337300,80600
12D12,337300,87900
12D11,330000,87900
12D10,322700,87900
12D9,315400,87900
12D8,308100,87900
12D7,300800,87900
12D6,293500,87900
12D5,286200,87900
12D4,278900,87900
12D3,271600,87900
12D2,264300,87900
12D1,257000,87900
12E1,257000,95200
12E2,264300,95200
12E3,271600,95200
12E4,278900,95200
12E5,286200,95200
12E6,293500,95200
12E7,300800,95200
12E8,308100,95200
12E9,315400,95200
12E10,322700,95200
12E11,330000,95200
12E12,337300,95200
12F12,337300,102500
12F11,330000,102500
12F10,322700,102500
12F9,315400,102500
12F8,308100,102500
12F7,300800,102500
12F6,293500,102500
12F5,286200,102500
12F4,278900,102500
12F3,271600,102500
12F2,264300,102500
12F1,257000,102500
12G1,257000,109800
12G2,264300,109800
12G3,271600,109800
12G4,278900,109800
12G5,286200,109800
12G6,293500,109800
12G7,300800,109800
12G8,308100,109800
12G9,315400,109800
12G10,322700,109800
12G11,330000,109800
12G12,337300,109800
12H12,337300,117100
12H11,330000,117100
12H10,322700,117100
12H9,315400,117100
12H8,308100,117100
12H7,300800,117100
12H6,293500,117100
12H5,286200,117100
12H4,278900,117100
12H3,271600,117100
12H2,264300,117100
12H1,257000,117100
